  EXTRAIDA:

kinematics:
  shoulder:
    x: 0
    y: 0
    z: 0.08912328105360676
    roll: -0
    pitch: 0
    yaw: 5.154051301703433e-05
  upper_arm:
    x: 0.0001236628985323462
    y: 0
    z: 0
    roll: 1.569788183924685
    pitch: 0
    yaw: -2.673705769009523e-05
  forearm:
    x: -0.4251482701482086
    y: 0
    z: 0
    roll: 0.001475696759005009
    pitch: 0.000758252417257889
    yaw: -5.874527572071943e-05
  wrist_1:
    x: -0.3917991846087899
    y: -0.001962155271423498
    z: 0.1107099635172026
    roll: 0.01772152928370338
    pitch: 0.003146926503379104
    yaw: -2.867606931927635e-05
  wrist_2:
    x: 5.481323565852493e-06
    y: -0.09456728320022126
    z: 1.230808815875582e-05
    roll: 1.570666175143366
    pitch: 0
    yaw: -3.649491104073394e-05
  wrist_3:
    x: -1.526173733852379e-05
    y: 0.08235471676345961
    z: -0.0001889086379670015
    roll: 1.568502489670991
    pitch: 3.141592653589793
    yaw: -3.141537071264431
  hash: calib_7950034965045254383
  
  DEFAULT:
  
kinematics:
  shoulder:
    x: 0
    y: 0
    z: 0.089159
    roll: 0
    pitch: 0
    yaw: 0
  upper_arm:
    x: 0
    y: 0
    z: 0
    roll: 1.570796327
    pitch: 0
    yaw: 0
  forearm:
    x: -0.425
    y: 0
    z: 0
    roll: 0
    pitch: 0
    yaw: 0
  wrist_1:
    x: -0.39225
    y: 0
    z: 0.10915
    roll: 0
    pitch: 0
    yaw: 0
  wrist_2:
    x: 0
    y: -0.09465
    z: -1.941303950897609e-11
    roll: 1.570796327
    pitch: 0
    yaw: 0
  wrist_3:
    x: 0
    y: 0.0823
    z: -1.688001216681175e-11
    roll: 1.570796326589793
    pitch: 3.141592653589793
    yaw: 3.141592653589793
  hash: calib_209549117540498681
